Laptop: 0.010000000000000002
Microphone: 0.030896311638568392
Keyboard: 0.11955090512644317
Webcam: 0.010000000000000002
Printer: 0.02863167072118609
Docking Station: 0.07890943624283969
Headphones: 0.09348496287794317
Monitor: 0.10588997909397393
Mouse: 0.12090289605086704
Tablet: 0.13731006953916253
Charger: 0.026215901933751937
Camera: 0.04767831899621539
Smartphone: 0.07375163979786392
Smartwatch: 0.07500183324301024
Speaker: 0.04177607473817462
